1254
1534
282
902
2035
494
17
454
1625
697
1871
674
1563
260
1546
390
203
1331
522
1076
499
1211
1302
1956
442
1998
1995
960
1181
1339
744
506
1246
1574
780
1676
349
378
714
1379
1482
872
1702
406
1855
644
369
903
1507
1117
1068
1936
1865
262
188
344
801
859
210
709
1719
773
1650
1160
740
72
2002
1403
1624
187
574
1322
1716
172
1862
1291
1794
1585
1137
1293
1231
276
710
226
1314
1327
600
1163
1034
1977
1581
2
124
1217
1273
89
514
1259
302
1348
207
1122
897
866
757
876
2003
748
1101
321
1813
1316
1338
1718
243
345
1741
167
1951
1991
1721
1963
581
142
1007
1867
1592
1660
1480
1232
1053
2014
811
808
617
64
708
745
310
1460
621
1337
1048
995
692
962
270
469
1100
672
1244
1001
19
2019
32
1463
769
1359
1360
1000
294
1894
1691
1127
43
1387
325
1073
159
1084
527
504
191
1897
1829
463
176
1628
977
625
475
1260
1662
423
997
202
1289
169
961
55
1816
95
634
746
1795
195
1817
1009
218
1082
265
856
296
1595
747
777
2023
749
127
1837
1080
1414
1202
661
196
1938
909
1439
1469
611
1952
1197
1126
737
899
1545
82
1797
229
1245
1307
435
1559
597
1569
1835
338
586
1341
284
1779
1072
148
865
1845
1529
350
1866
78
273
1032
756
1198
1409
1740
1856
314
1792
1638
1428
1824
1759
1479
1683
2012
222
410
1199
551
667
402
1503
1024
237
1395
1045
1305
1221
609
1651
2055
789
372
381
1571
891
392
1730
1690
1046
665
1042
1772
1298
1800
704
1582
924
513
387
1344
316
206
330
1531
1744
1927
288
791
217
2037
800
146
558
1171
1597
2043
1484
1649
258
685
1688
1200
1596
1864
1431
637
1002
731
493
1112
1727
1594
384
1593
717
1873
1804
304
1601
186
1575
1088
1386
1902
129
128
1458
216
804
21
1830
1432
1809
1356
1637
1656
391
1704
281
479
1313
1098
1399
383
1334
1130
2040
1018
1764
1774
973
719
1510
1984
1801
213
10
371
118
1885
1836
1208
535
1247
999
758
22
1385
725
317
1420
1324
353
1899
2024
1489
482
1218
467
379
967
312
1567
235
488
639
108
18
401
1459
703
503
1551
1466
1288
242
1543
2032
444
664
92
1612
1096
1168
272
2001
1475
1023
397
2057
1003
1443
1476
1884
1267
1863
1893
247
1576
1207
500
44
65
1228
1681
1179
857
1402
460
1552
52
790
921
1377
1621
266
1493
145
1692
1397
1822
1323
734
550
1706
1412
635
825
743
1488
1560
422
776
1169
1975
1030
852
1969
342
1905
648
177
257
1373
161
1083
520
1328
715
1934
335
1308
1743
523
246
380
117
1663
1664
1205
111
1139
1136
1523
1607
1619
2058
836
1565
1186
544
1950
1035
452
1639
1677
2029
1252
1850
1299
1033
1831
887
1959
964
1986
1811
1849
192
2011
1810
554
431
1785
2049
687
1142
376
227
1512
1102
473
1997
810
1874
1589
1486
1735
863
1645
1257
1450
1335
1750
1304
1557
415
1012
1653
942
1629
1646
1896
2026
1781
1320
688
1362
1983
1948
2018
1215
824
1640
1915
1854
137
1654
1351
492
1655
957
1599
138
245
1170
1875
1533
1812
236
1606
702
987
1089
1895
101
1633
1775
198
767
1780
1819
1821
250
116
1028
958
1248
462
1870
1558
1657
1445
629
681
466
215
490
1555
1371
407
657
1634
400
1263
1540
1087
121
1521
1524
1036
179
910
1756
1394
932
13
292
1261
981
829
1041
1967
1437
1448
908
781
1742
1333
1067
1453
223
110
1312
455
1471
1880
205
170
2004
1095
40
1250
1114
742
2042
1778
459
2041
986
1021
1187
1262
1695
1913
1277
1438
1674
1678
62
1027
1031
1134
1617
1172
2034
1890
453
1680
1148
1550
1382
1391
1828
278
1477
1923
152
1375
1381
432
833
707
180
1383
477
1278
1877
481
845
96
51
1345
181
555
1564
2027
358
1154
612
813
1472
913
1789
1190
1340
649
1392
1279
1234
340
69
365
787
420
1141
886
1427
290
1421
1434
416
322
1818
1349
1241
219
1712
519
234
1380
1321
1105
1097
782
1162
1152
615
449
904
67
1611
1355
1281
1911
1846
81
724
671
846
103
598
1966
911
1013
232
1153
1860
1124
1514
1687
1005
1282
834
1519
1147
643
2006
1043
956
1703
1407
285
1647
1696
297
1222
461
1019
1996
323
113
1701
1398
2028
1497
1268
1454
738
1754
1881
150
1739
104
1417
1538
1945
1861
1682
1226
1505
1904
1949
1269
1847
468
175
1926
130
309
890
1223
79
1699
898
1572
1598
1665
2048
1516
610
1708
306
76
2030
98
1494
143
628
968
1614
1086
1892
693
1722
1590
50
1065
1109
1958
155
166
1943
1532
93
1887
727
1954
1925
1556
362
88
253
979
1803
1602
2009
1295
1536
419
1906
1604
974
368
1749
1748
1115
361
1737
675
1528
1609
1672
484
201
844
1270
1666
355
286
1570
1107
1415
1350
1017
1133
2056
1588
1441
1765
1118
1131
1110
1161
1451
1562
1294
925
1319
831
1793
214
949
360
254
1125
1972
1673
1194
660
1368
107
1720
1329
855
356
1008
698
1745
1841
1138
1099
2047
2017
25
1284
1973
1903
204
199
677
156
1857
764
1769
1456
1834
1193
1827
1370
445
614
1500
1605
515
1600
428
864
1389
722
1623
1166
53
1039
565
429
580
1235
848
1808
1752
1728
1020
1396
915
1164
274
1358
640
673
1057
1920
194
850
662
623
696
1924
1858
1843
1734
1518
149
2031
1436
1271
1613
1766
1922
1108
2015
1711
1213
1249
1974
1603
1455
1406
1113
364
2054
35
1732
136
171
654
106
1786
1697
529
140
1953
151
1103
1423
1802
386
1839
1916
1224
1527
458
357
607
820
318
1449
1644
1679
1251
1467
1225
293
1485
1608
1842
1659
209
658
1685
2008
326
1093
994
135
1238
1763
805
83
1239
1700
938
653
264
1707
46
1889
1210
153
1999
1689
1725
2036
1509
1686
936
37
224
112
939
684
1820
815
1758
1985
1833
1276
1976
1783
712
48
1790
1388
1258
125
84
157
300
1283
1025
1547
1201
1150
1092
1635
1121
233
996
1310
1413
450
393
1549
1347
2010
1408
395
1669
1062
1123
374
1416
1941
651
168
1942
1577
90
1177
472
1442
1717
1806
699
54
512
2038
779
1195
1188
1447
85
1848
691
1627
1220
1422
1365
320
970
700
1419
1264
343
324
42
1079
1178
1290
1374
1970
1146
441
1511
1203
1175
1955
1978
718
1796
239
985
301
613
1352
1667
1957
830
928
1219
486
4
366
620
178
1342
689
307
1468
1868
1587
109
1393
1156
797
1901
1580
1490
1964
298
1992
1091
68
1615
123
871
1378
1799
1757
989
2051
1544
1724
839
1989
1675
1240
329
240
12
1457
1495
1014
1542
1931
1539
173
341
1851
1709
873
478
1037
47
1184
73
1159
1726
1548
518
1522
126
1823
77
1586
1553
1212
1306
1085
